1 0.23671875 0.503125 0.1484375 0.109375
1 0.47421875 0.58984375 0.0796875 0.0953125
1 0.69296875 0.5859375 0.0953125 0.20625
1 0.38828125 0.48828125 0.0515625 0.0765625
1 0.59140625 0.44375 0.0609375 0.121875
1 0.88828125 0.453125 0.0359375 0.040625
1 0.76328125 0.39921875 0.1015625 0.0671875
1 0.81640625 0.37109375 0.0671875 0.0859375
1 0.83984375 0.3125 0.0296875 0.078125
1 0.70625 0.3234375 0.084375 0.065625
1 0.60078125 0.37421875 0.0609375 0.0921875
1 0.55390625 0.3375 0.0765625 0.065625
1 0.60234375 0.31875 0.0421875 0.04375
1 0.62421875 0.28515625 0.0359375 0.0484375
1 0.46875 0.3296875 0.0625 0.034375
1 0.3984375 0.35234375 0.046875 0.0796875
1 0.42265625 0.27890625 0.0546875 0.0609375
1 0.3703125 0.3 0.046875 0.05625
1 0.37578125 0.265625 0.0515625 0.053125