1 0.41484375 0.64453125 0.4984375 0.6046875
1 0.35390625 0.62265625 0.0921875 0.5203125
1 0.76796875 0.65703125 0.1203125 0.4078125
1 0.1328125 0.60703125 0.090625 0.2859375
1 0.0359375 0.6234375 0.034375 0.1375
1 0.23046875 0.590625 0.0265625 0.090625
1 0.0109375 0.57265625 0.021875 0.0953125
1 0.965625 0.65 0.0375 0.140625
1 0.91796875 0.63046875 0.0359375 0.1671875
1 0.85859375 0.62421875 0.0421875 0.1734375
1 0.80234375 0.6296875 0.0390625 0.159375
1 0.64921875 0.6953125 0.0546875 0.125
1 0.6734375 0.64140625 0.034375 0.1484375
1 0.65078125 0.60546875 0.0328125 0.1046875