1 0.46796875 0.74375 0.1015625 0.425
1 0.56015625 0.7421875 0.0859375 0.38125
1 0.66875 0.72109375 0.10625 0.4234375
1 0.3453125 0.7765625 0.1375 0.428125
1 0.259375 0.74296875 0.08125 0.3796875
1 0.190625 0.76875 0.09375 0.390625
1 0.8296875 0.65703125 0.071875 0.2359375
1 0.88046875 0.58515625 0.0578125 0.1421875
1 0.94296875 0.62265625 0.0734375 0.2703125
1 0.98671875 0.51875 0.0265625 0.1125
1 0.89921875 0.63671875 0.0578125 0.1734375
1 0.9796875 0.58828125 0.040625 0.2171875
1 0.759375 0.6625 0.090625 0.2875