1 0.703125 0.53828125 0.334375 0.8015625
1 0.50390625 0.47109375 0.1265625 0.4859375
1 0.228125 0.5015625 0.11875 0.4
1 0.13671875 0.490625 0.0953125 0.41875
1 0.0453125 0.48828125 0.0875 0.3796875
1 0.46171875 0.5875 0.1046875 0.234375
1 0.959375 0.59375 0.08125 0.446875
1 0.73828125 0.59140625 0.0921875 0.2515625
1 0.8 0.59609375 0.084375 0.2453125
1 0.86484375 0.5890625 0.1109375 0.26875
1 0.928125 0.6046875 0.059375 0.23125
1 0.94296875 0.14609375 0.0703125 0.0984375
1 0.86328125 0.096875 0.1046875 0.190625
1 0.79765625 0.08203125 0.0859375 0.1578125
1 0.70390625 0.13203125 0.0984375 0.1265625
1 0.64296875 0.0765625 0.0984375 0.153125
1 0.5546875 0.1 0.1125 0.19375
1 0.4875 0.1015625 0.084375 0.190625
1 0.425 0.15 0.071875 0.103125
1 0.41015625 0.06875 0.0703125 0.134375
1 0.3453125 0.1171875 0.090625 0.175
1 0.278125 0.1421875 0.08125 0.1
1 0.26171875 0.0828125 0.0765625 0.15625
1 0.221875 0.14140625 0.078125 0.1171875
1 0.16640625 0.10625 0.0828125 0.1875
1 0.0625 0.13671875 0.10625 0.1171875
1 0.14140625 0.14765625 0.0734375 0.0953125
1 0.04296875 0.08125 0.0828125 0.13125