1 0.2328125 0.6828125 0.0625 0.2875
1 0.31328125 0.66953125 0.0703125 0.2578125
1 0.3921875 0.66875 0.059375 0.253125
1 0.4859375 0.6765625 0.0625 0.25625
1 0.5609375 0.6671875 0.053125 0.271875
1 0.1390625 0.66328125 0.06875 0.2609375
1 0.4359375 0.671875 0.053125 0.25
1 0.38359375 0.5484375 0.0328125 0.059375
1 0.41796875 0.578125 0.0359375 0.078125
1 0.53671875 0.55625 0.0359375 0.071875
1 0.50625 0.56328125 0.025 0.0671875
1 0.52890625 0.6765625 0.0421875 0.2375
1 0.47109375 0.55859375 0.0265625 0.0421875
1 0.3546875 0.675 0.04375 0.240625