1 0.3953125 0.5078125 0.33125 0.45
1 0.5625 0.48984375 0.215625 0.6234375
1 0.075 0.2734375 0.078125 0.0875
1 0.0875 0.35078125 0.0875 0.1484375
1 0.13359375 0.28984375 0.0515625 0.1296875
1 0.13828125 0.34765625 0.0609375 0.1484375
1 0.1875 0.34140625 0.05625 0.1515625
1 0.25546875 0.33671875 0.0515625 0.1578125
1 0.303125 0.33125 0.046875 0.140625
1 0.32734375 0.34140625 0.0453125 0.1140625
1 0.39453125 0.315625 0.0359375 0.09375
1 0.36953125 0.271875 0.0328125 0.11875
1 0.32421875 0.25546875 0.0296875 0.0921875