1 0.0515625 0.68828125 0.103125 0.3421875
1 0.24296875 0.6390625 0.1046875 0.30625
1 0.41953125 0.63359375 0.0984375 0.2796875
1 0.59765625 0.62109375 0.0734375 0.2578125
1 0.64609375 0.65 0.1359375 0.31875
1 0.746875 0.6046875 0.075 0.2125
1 0.97578125 0.60390625 0.0484375 0.2265625
1 0.51796875 0.56640625 0.0328125 0.0640625
1 0.353125 0.603125 0.09375 0.115625
1 0.24453125 0.696875 0.0703125 0.215625
1 0.42265625 0.6890625 0.0796875 0.19375
1 0.65078125 0.7109375 0.1046875 0.21875
1 0.746875 0.68359375 0.05625 0.1421875
1 0.9484375 0.65234375 0.103125 0.1671875
1 0.84140625 0.2453125 0.0546875 0.1625
1 0.13125 0.27734375 0.04375 0.1484375
1 0.91875 0.26796875 0.075 0.1078125