1 0.03125 0.640625 0.059375 0.109375
1 0.08671875 0.6421875 0.0359375 0.10625
1 0.1703125 0.69375 0.06875 0.059375
1 0.4453125 0.35 0.140625 0.325
1 0.67578125 0.3828125 0.2421875 0.221875
1 0.79765625 0.87890625 0.1515625 0.2359375
1 0.1671875 0.2078125 0.06875 0.04375
1 0.03359375 0.15078125 0.0578125 0.1109375
1 0.084375 0.153125 0.0375 0.1
1 0.11640625 0.1484375 0.0265625 0.09375
1 0.3984375 0.21171875 0.05625 0.1359375
1 0.87578125 0.109375 0.0453125 0.096875
1 0.8046875 0.125 0.0375 0.096875
1 0.74296875 0.1265625 0.0421875 0.09375
1 0.74140625 0.61640625 0.0421875 0.0953125
1 0.80234375 0.61640625 0.0453125 0.0984375
1 0.87890625 0.596875 0.0390625 0.096875
1 0.96015625 0.58828125 0.0484375 0.1078125
1 0.96015625 0.09765625 0.0453125 0.1046875