1 0.2453125 0.5984375 0.203125 0.3125
1 0.4078125 0.4140625 0.10625 0.196875
1 0.49765625 0.31171875 0.0734375 0.1359375
1 0.56640625 0.2703125 0.0765625 0.121875
1 0.534375 0.42734375 0.1125 0.1953125
1 0.615625 0.36171875 0.1 0.1640625
1 0.7015625 0.5625 0.13125 0.209375
1 0.9484375 0.46875 0.103125 0.178125
1 0.5265625 0.66640625 0.115625 0.1546875
1 0.340625 0.78046875 0.11875 0.1609375
1 0.5546875 0.79453125 0.121875 0.1421875
1 0.71328125 0.7078125 0.1359375 0.16875
1 0.53046875 0.584375 0.1015625 0.096875
1 0.46171875 0.5671875 0.0828125 0.115625
1 0.5546875 0.5140625 0.075 0.1
1 0.67578125 0.45390625 0.0703125 0.0921875
1 0.015625 0.6640625 0.025 0.13125
1 0.25234375 0.41171875 0.0328125 0.0640625
1 0.2078125 0.44140625 0.0375 0.0546875
1 0.18359375 0.42890625 0.0234375 0.0796875
1 0.8421875 0.4046875 0.03125 0.1
1 0.7515625 0.4078125 0.03125 0.09375
1 0.81640625 0.353125 0.0578125 0.0625
1 0.94296875 0.32734375 0.0609375 0.0828125
1 0.9890625 0.3421875 0.021875 0.08125
1 0.3078125 0.35234375 0.021875 0.0765625
1 0.32890625 0.31953125 0.0109375 0.0453125
1 0.6796875 0.3671875 0.05 0.084375
1 0.83671875 0.29375 0.0421875 0.053125
1 0.8453125 0.24609375 0.034375 0.0421875
1 0.95703125 0.23515625 0.0640625 0.0953125
1 0.725 0.21484375 0.05 0.0890625
1 0.92265625 0.2140625 0.0609375 0.09375
1 0.990625 0.2546875 0.0125 0.053125
1 0.5796875 0.18671875 0.04375 0.0484375
1 0.5265625 0.19453125 0.040625 0.0578125
1 0.48828125 0.22578125 0.0265625 0.0328125
1 0.46015625 0.225 0.0265625 0.03125
1 0.37421875 0.2546875 0.0265625 0.046875
1 0.39296875 0.25234375 0.0203125 0.0390625
1 0.8171875 0.2203125 0.034375 0.040625
1 0.75703125 0.21796875 0.0234375 0.0328125
1 0.79140625 0.20703125 0.0328125 0.0515625
1 0.6578125 0.2703125 0.046875 0.053125
1 0.6640625 0.3109375 0.04375 0.03125
1 0.646875 0.23671875 0.028125 0.0265625
1 0.68203125 0.2234375 0.0328125 0.059375