1 0.08359375 0.64375 0.1671875 0.6875
1 0.2359375 0.61953125 0.165625 0.4765625
1 0.2546875 0.425 0.059375 0.125
1 0.2453125 0.36015625 0.0375 0.0546875
1 0.33359375 0.54921875 0.1171875 0.4265625
1 0.57890625 0.55703125 0.1234375 0.5046875
1 0.53515625 0.3453125 0.0453125 0.109375
1 0.459375 0.390625 0.03125 0.1125
1 0.48671875 0.371875 0.0296875 0.065625
1 0.66328125 0.45625 0.1015625 0.275
1 0.6953125 0.4453125 0.046875 0.259375
1 0.7671875 0.38203125 0.08125 0.1734375
1 0.85234375 0.38125 0.0453125 0.128125
1 0.8890625 0.36796875 0.04375 0.1390625
1 0.9296875 0.403125 0.071875 0.203125
1 0.81875 0.371875 0.0375 0.103125