1 0.540625 0.48046875 0.303125 0.4140625
1 0.315625 0.5546875 0.0625 0.0875
1 0.93125 0.60234375 0.1375 0.1109375
1 0.3265625 0.52578125 0.03125 0.1109375
1 0.69140625 0.58125 0.0671875 0.21875
1 0.8109375 0.57890625 0.075 0.2140625
1 0.76796875 0.553125 0.0578125 0.16875
1 0.73125 0.546875 0.04375 0.140625
1 0.97890625 0.5640625 0.0421875 0.165625
1 0.953125 0.53203125 0.028125 0.0890625
1 0.8828125 0.525 0.040625 0.090625
1 0.85703125 0.5265625 0.0203125 0.046875
1 0.28046875 0.50859375 0.0453125 0.0796875
1 0.23203125 0.50625 0.0328125 0.06875
1 0.30703125 0.5015625 0.0203125 0.04375
1 0.34921875 0.49765625 0.0171875 0.0515625
1 0.371875 0.5015625 0.01875 0.0625
1 0.384375 0.5109375 0.025 0.059375
1 0.26640625 0.53359375 0.0453125 0.0328125
1 0.17421875 0.50546875 0.0265625 0.0640625