1 0.1203125 0.26328125 0.11875 0.2609375
1 0.22890625 0.275 0.1046875 0.25
1 0.31484375 0.284375 0.1171875 0.309375
1 0.41171875 0.2578125 0.1109375 0.296875
1 0.49453125 0.26953125 0.1015625 0.3171875
1 0.5859375 0.2453125 0.1 0.275
1 0.6796875 0.23046875 0.109375 0.2984375
1 0.77578125 0.2453125 0.1234375 0.315625
1 0.88828125 0.20546875 0.1265625 0.3265625
1 0.8875 0.49453125 0.121875 0.4546875
1 0.92421875 0.76015625 0.1453125 0.4328125
1 0.8546875 0.82421875 0.190625 0.3515625
1 0.796875 0.5625 0.134375 0.35625
1 0.7859375 0.39609375 0.1125 0.2234375
1 0.7046875 0.4109375 0.109375 0.209375
1 0.63359375 0.38984375 0.0828125 0.1953125
1 0.53671875 0.4 0.1078125 0.240625
1 0.696875 0.5859375 0.1125 0.334375
1 0.6265625 0.5671875 0.10625 0.315625
1 0.54609375 0.59921875 0.0953125 0.3296875
1 0.453125 0.5984375 0.103125 0.359375
1 0.38828125 0.5671875 0.0890625 0.309375
1 0.30234375 0.603125 0.1078125 0.35
1 0.23125 0.6125 0.10625 0.371875
1 0.12421875 0.771875 0.1453125 0.4125
1 0.24296875 0.83671875 0.1828125 0.3203125
1 0.39375 0.81875 0.1625 0.35625
1 0.51640625 0.8296875 0.1140625 0.340625
1 0.6359375 0.81484375 0.15 0.3703125
1 0.7375 0.81640625 0.128125 0.3671875
1 0.43125 0.4015625 0.103125 0.253125
1 0.33515625 0.3984375 0.0984375 0.228125
1 0.228125 0.44375 0.115625 0.328125
1 0.12421875 0.46171875 0.1109375 0.3828125