1 0.41953125 0.659375 0.1984375 0.6125
1 0.02265625 0.5421875 0.0453125 0.346875
1 0.11484375 0.55 0.1171875 0.3375
1 0.04140625 0.42734375 0.0421875 0.0890625
1 0.31796875 0.46328125 0.0484375 0.1359375
1 0.49765625 0.42734375 0.0609375 0.0921875
1 0.640625 0.5421875 0.09375 0.128125
1 0.5984375 0.53203125 0.053125 0.1328125
1 0.74765625 0.465625 0.0546875 0.140625
1 0.7875 0.46640625 0.04375 0.1328125
1 0.62578125 0.4453125 0.0453125 0.10625
1 0.93125 0.459375 0.03125 0.075
1 0.17265625 0.43046875 0.0296875 0.0640625
1 0.66171875 0.45 0.0328125 0.10625