1 0.72265625 0.4640625 0.1484375 0.48125
1 0.86171875 0.4765625 0.1453125 0.390625
1 0.93359375 0.38515625 0.0546875 0.2109375
1 0.615625 0.52421875 0.721875 0.6453125
1 0.4421875 0.325 0.05 0.2
1 0.4515625 0.2390625 0.03125 0.071875
1 0.38359375 0.26328125 0.0265625 0.0578125
1 0.28359375 0.3078125 0.0546875 0.209375
1 0.26171875 0.3515625 0.0421875 0.109375
1 0.18125 0.17265625 0.0375 0.1171875
1 0.3015625 0.13125 0.021875 0.040625
1 0.271875 0.134375 0.015625 0.034375
1 0.528125 0.1484375 0.028125 0.103125
1 0.56015625 0.17734375 0.0328125 0.1328125
1 0.584375 0.21328125 0.03125 0.1390625
1 0.6046875 0.1546875 0.028125 0.109375
1 0.0671875 0.3359375 0.065625 0.090625
1 0.1171875 0.35859375 0.034375 0.0546875
1 0.01796875 0.34375 0.0359375 0.059375
1 0.0328125 0.39921875 0.059375 0.0578125
1 0.12734375 0.4015625 0.0765625 0.059375
1 0.1671875 0.35625 0.034375 0.071875
1 0.1359375 0.340625 0.05 0.08125
1 0.17421875 0.39765625 0.0265625 0.0390625