1 0.23515625 0.91875 0.3703125 0.1625
1 0.09140625 0.89921875 0.1828125 0.2015625
1 0.5703125 0.8359375 0.16875 0.125
1 0.746875 0.8390625 0.146875 0.1375
1 0.65859375 0.8296875 0.0984375 0.134375
1 0.43359375 0.82890625 0.0859375 0.0859375
1 0.37421875 0.8109375 0.1078125 0.109375
1 0.30703125 0.8046875 0.0671875 0.08125
1 0.24765625 0.8109375 0.0609375 0.053125
1 0.11796875 0.79453125 0.1234375 0.0578125
1 0.02734375 0.7953125 0.0546875 0.034375
1 0.39140625 0.8203125 0.0453125 0.10625
1 0.87578125 0.83828125 0.0390625 0.0921875
1 0.92265625 0.8359375 0.0390625 0.09375
1 0.95625 0.8328125 0.0375 0.09375
1 0.8953125 0.80625 0.028125 0.04375
1 0.96953125 0.04296875 0.0453125 0.0296875
1 0.2421875 0.42421875 0.125 0.1140625
1 0.53671875 0.6546875 0.2046875 0.071875
1 0.9234375 0.5546875 0.096875 0.090625
1 0.66328125 0.48359375 0.1015625 0.5640625
1 0.696875 0.625 0.08125 0.275