1 0.91953125 0.59921875 0.1609375 0.5890625
1 0.8921875 0.30703125 0.1625 0.3984375
1 0.68203125 0.5921875 0.2671875 0.7875
1 0.43359375 0.4734375 0.2984375 0.590625
1 0.2125 0.73359375 0.18125 0.5328125
1 0.4421875 0.7671875 0.190625 0.465625
1 0.3578125 0.28203125 0.190625 0.4203125
1 0.1609375 0.46171875 0.215625 0.5328125
1 0.28359375 0.47421875 0.1703125 0.6078125
1 0.15 0.20078125 0.153125 0.1765625
1 0.07109375 0.2140625 0.1078125 0.29375
1 0.5046875 0.20234375 0.103125 0.1796875
1 0.4125 0.2515625 0.08125 0.21875
1 0.59140625 0.2265625 0.0984375 0.21875
1 0.73203125 0.215625 0.1265625 0.24375
1 0.72421875 0.13125 0.1359375 0.15625
1 0.86328125 0.1796875 0.0671875 0.128125