1 0.44375 0.5515625 0.5 0.50625
1 0.54609375 0.44140625 0.1859375 0.2484375
1 0.89765625 0.23046875 0.1609375 0.1953125
1 0.7984375 0.24296875 0.134375 0.1765625
1 0.63828125 0.1765625 0.1359375 0.19375
1 0.39375 0.24765625 0.159375 0.1703125
1 0.28046875 0.24296875 0.1078125 0.1390625
1 0.16015625 0.22421875 0.1578125 0.1546875
1 0.0390625 0.2234375 0.078125 0.175
1 0.06328125 0.14453125 0.1109375 0.1359375
1 0.18515625 0.15546875 0.1015625 0.1578125
1 0.2828125 0.15390625 0.103125 0.1484375
1 0.1 0.07265625 0.13125 0.1390625
1 0.225 0.06484375 0.103125 0.1171875
1 0.3078125 0.0796875 0.09375 0.134375
1 0.41875 0.03125 0.115625 0.0625
1 0.52265625 0.08984375 0.1296875 0.1796875
1 0.63203125 0.08828125 0.1078125 0.1765625
1 0.74453125 0.07109375 0.1265625 0.1421875
1 0.85703125 0.08984375 0.1234375 0.1796875
1 0.953125 0.09140625 0.09375 0.1828125