1 0.04140625 0.3546875 0.0578125 0.175
1 0.52265625 0.4265625 0.0859375 0.33125
1 0.903125 0.39375 0.04375 0.1125
1 0.90234375 0.41484375 0.0796875 0.0765625
1 0.6921875 0.40703125 0.134375 0.0921875
1 0.30546875 0.36171875 0.0671875 0.0640625
1 0.05 0.61875 0.096875 0.375
1 0.459375 0.215625 0.1125 0.134375
1 0.446875 0.365625 0.08125 0.128125
1 0.75546875 0.84609375 0.4890625 0.3078125
1 0.40625 0.096875 0.0375 0.096875
1 0.2875 0.18359375 0.01875 0.0453125
1 0.35 0.19296875 0.015625 0.0359375
1 0.1421875 0.24921875 0.021875 0.0515625