1 0.559375 0.52578125 0.034375 0.1390625
1 0.6125 0.55 0.05 0.15
1 0.9265625 0.80859375 0.0875 0.2796875
1 0.959375 0.6421875 0.06875 0.203125
1 0.890625 0.6234375 0.065625 0.175
1 0.725 0.6109375 0.053125 0.196875
1 0.8046875 0.60390625 0.05 0.1734375
1 0.846875 0.56796875 0.059375 0.1484375
1 0.7875 0.45625 0.028125 0.121875
1 0.8140625 0.4890625 0.03125 0.103125
1 0.8203125 0.46875 0.03125 0.1125
1 0.85 0.4453125 0.0375 0.0875
1 0.746875 0.4453125 0.046875 0.10625
1 0.746875 0.5171875 0.021875 0.103125
1 0.5953125 0.471875 0.028125 0.13125
1 0.48125 0.421875 0.034375 0.090625
1 0.4421875 0.403125 0.0375 0.096875
1 0.284375 0.3734375 0.034375 0.084375
1 0.259375 0.3890625 0.028125 0.071875
1 0.3671875 0.35625 0.021875 0.0625
1 0.3421875 0.36328125 0.01875 0.0703125
1 0.321875 0.3578125 0.01875 0.0625
1 0.328125 0.3453125 0.015625 0.053125
1 0.3453125 0.34375 0.015625 0.05
1 0.3265625 0.52265625 0.653125 0.9546875