2 0.1292517006802721 0.11764705882352941 0.21496598639455783 0.19151846785225718
2 0.3054421768707483 0.10465116279069768 0.10204081632653061 0.12995896032831739
2 0.4312925170068027 0.10259917920656635 0.13333333333333333 0.15047879616963064
2 0.5795918367346938 0.08960328317373462 0.1306122448979592 0.146374829001368
2 0.7326530612244898 0.07729138166894665 0.14285714285714285 0.1354309165526676
2 0.8952380952380953 0.10807113543091655 0.17414965986394557 0.12585499316005472
2 0.10680272108843537 0.28864569083447333 0.17551020408163265 0.13406292749658003
2 0.30272108843537415 0.2708618331053352 0.17551020408163265 0.17510259917920656
2 0.5285714285714286 0.2606019151846785 0.18095238095238095 0.17099863201094392
2 0.6857142857142857 0.21819425444596444 0.11428571428571428 0.1354309165526676
2 0.8700680272108844 0.28522571819425446 0.22448979591836735 0.21751025991792067
2 0.11224489795918367 0.4261285909712722 0.15918367346938775 0.1326949384404925
2 0.282312925170068 0.4575923392612859 0.1727891156462585 0.18741450068399454
2 0.4421768707482993 0.4370725034199726 0.19047619047619047 0.17920656634746923
2 0.6795918367346939 0.3761969904240766 0.1727891156462585 0.16963064295485636
2 0.8959183673469387 0.45006839945280436 0.15374149659863945 0.12585499316005472
2 0.5870748299319728 0.5376196990424077 0.145578231292517 0.15595075239398085
2 0.7401360544217687 0.5376196990424077 0.1306122448979592 0.13679890560875513
2 0.10272108843537416 0.5813953488372093 0.1727891156462585 0.16963064295485636
2 0.22517006802721087 0.6313269493844049 0.10748299319727891 0.1409028727770178
2 0.32040816326530613 0.6956224350205198 0.24353741496598638 0.2421340629274966
2 0.5476190476190477 0.6853625170998632 0.1891156462585034 0.15321477428180574
2 0.7346938775510204 0.7038303693570451 0.18503401360544217 0.17099863201094392
2 0.8931972789115646 0.603967168262654 0.19183673469387755 0.16826265389876882
2 0.1 0.7421340629274966 0.15918367346938775 0.1518467852257182
2 0.10952380952380952 0.905608755129959 0.1510204081632653 0.16963064295485636
2 0.30612244897959184 0.9035567715458276 0.19863945578231293 0.16826265389876882
2 0.5115646258503401 0.8775649794801642 0.22312925170068026 0.21477428180574556
0 0.7170068027210884 0.8878248974008208 0.17142857142857143 0.18057455540355677
0 0.8918367346938776 0.8378932968536251 0.1782312925170068 0.29411764705882354