1 0.18194444444444444 0.15694444444444444 0.18611111111111112 0.13796296296296295
1 0.39444444444444443 0.16157407407407406 0.1814814814814815 0.13425925925925927
1 0.6037037037037037 0.15833333333333333 0.16111111111111112 0.17037037037037037
1 0.8180555555555555 0.16435185185185186 0.1824074074074074 0.15833333333333333
1 0.18194444444444444 0.38564814814814813 0.18055555555555555 0.14166666666666666
1 0.39305555555555555 0.3773148148148148 0.1712962962962963 0.1787037037037037
1 0.6032407407407407 0.37777777777777777 0.1787037037037037 0.15185185185185185
1 0.8203703703703704 0.37962962962962965 0.18703703703703703 0.1388888888888889
1 0.8194444444444444 0.6013888888888889 0.15555555555555556 0.18055555555555555
1 0.6055555555555555 0.6046296296296296 0.15925925925925927 0.16296296296296298
1 0.39444444444444443 0.5995370370370371 0.19444444444444445 0.15092592592592594
1 0.18101851851851852 0.6069444444444444 0.18055555555555555 0.15092592592592594
1 0.18009259259259258 0.8333333333333334 0.18055555555555555 0.1388888888888889
1 0.3925925925925926 0.8324074074074074 0.18703703703703703 0.15
1 0.6064814814814815 0.8310185185185185 0.18888888888888888 0.14722222222222223
1 0.8189814814814815 0.8314814814814815 0.1824074074074074 0.1425925925925926