0 0.10213414634146341 0.10873983739837398 0.09857723577235772 0.10569105691056911
0 0.241869918699187 0.10823170731707317 0.09552845528455285 0.1209349593495935
2 0.41565040650406504 0.10823170731707317 0.11991869918699187 0.09247967479674797
2 0.5919715447154471 0.10823170731707317 0.10670731707317073 0.0782520325203252
2 0.7413617886178862 0.10772357723577236 0.06808943089430894 0.11178861788617886
0 0.891260162601626 0.10823170731707317 0.12804878048780488 0.11890243902439024
0 0.10772357723577236 0.31097560975609756 0.12195121951219512 0.11178861788617886
2 0.2698170731707317 0.31097560975609756 0.08231707317073171 0.06097560975609756
0 0.43902439024390244 0.31097560975609756 0.13211382113821138 0.0975609756097561
1 0.48221544715447157 0.3485772357723577 0.019308943089430895 0.02032520325203252
0 0.6270325203252033 0.31097560975609756 0.11382113821138211 0.07317073170731707
2 0.7891260162601627 0.31046747967479676 0.08028455284552846 0.11280487804878049
0 0.9298780487804879 0.3099593495934959 0.06504065040650407 0.12804878048780488
0 0.12144308943089431 0.5248983739837398 0.133130081300813 0.10264227642276423
0 0.3013211382113821 0.5233739837398373 0.14329268292682926 0.13211382113821138
1 0.3404471544715447 0.5838414634146342 0.016260162601626018 0.017276422764227643
0 0.4842479674796748 0.5248983739837398 0.133130081300813 0.11483739837398374
0 0.6605691056910569 0.5248983739837398 0.15853658536585366 0.08841463414634146
0 0.8241869918699187 0.5248983739837398 0.06097560975609756 0.12703252032520326
2 0.9303861788617886 0.5233739837398373 0.049796747967479675 0.08130081300813008
0 0.13058943089430894 0.7276422764227642 0.16565040650406504 0.044715447154471545
2 0.2916666666666667 0.7271341463414634 0.09552845528455285 0.06808943089430894
0 0.43851626016260165 0.7266260162601627 0.14939024390243902 0.08130081300813008
2 0.6021341463414634 0.7123983739837398 0.057926829268292686 0.052845528455284556
1 0.5995934959349594 0.7515243902439024 0.03048780487804878 0.029471544715447155
0 0.7510162601626016 0.7266260162601627 0.11382113821138211 0.09349593495934959
2 0.9034552845528455 0.7266260162601627 0.10569105691056911 0.056910569105691054
0 0.12042682926829268 0.8978658536585366 0.16361788617886178 0.061991869918699184
0 0.28810975609756095 0.896849593495935 0.09247967479674797 0.11280487804878049
0 0.4380081300813008 0.8978658536585366 0.1443089430894309 0.07215447154471545
0 0.614329268292683 0.8978658536585366 0.15548780487804878 0.0701219512195122
1 0.7388211382113821 0.9054878048780488 0.06097560975609756 0.06504065040650407
2 0.8064024390243902 0.8978658536585366 0.0701219512195122 0.08434959349593496
0 0.9141260162601627 0.8973577235772358 0.08231707317073171 0.06504065040650407