0 0.24363636363636362 0.13669950738916256 0.2545454545454545 0.1896551724137931
0 0.509090909090909 0.13054187192118227 0.3418181818181818 0.20689655172413793
0 0.82 0.15763546798029557 0.28 0.22660098522167488
0 0.19818181818181818 0.35467980295566504 0.3236363636363636 0.21674876847290642
2 0.58 0.35098522167487683 0.39636363636363636 0.20935960591133004
2 0.8672727272727273 0.39039408866995073 0.2509090909090909 0.19458128078817735
0 0.20909090909090908 0.5985221674876847 0.34545454545454546 0.22167487684729065
0 0.5327272727272727 0.5886699507389163 0.22181818181818183 0.2315270935960591
0 0.8309090909090909 0.6169950738916257 0.2872727272727273 0.22413793103448276
2 0.25272727272727274 0.8448275862068966 0.38181818181818183 0.21182266009852216
0 0.5745454545454546 0.8091133004926109 0.24 0.2684729064039409
2 0.8381818181818181 0.8657635467980296 0.28 0.1896551724137931