0 0.5779132791327913 0.533816425120773 0.8252032520325203 0.8309178743961353
0 0.22628726287262874 0.48188405797101447 0.2005420054200542 0.3647342995169082
1 0.09078590785907859 0.18840579710144928 0.15447154471544716 0.12560386473429952
1 0.29336043360433606 0.07729468599033816 0.023035230352303523 0.05314009661835749
1 0.3062330623306233 0.05314009661835749 0.02710027100271003 0.10628019323671498
1 0.4803523035230352 0.049516908212560384 0.025745257452574527 0.09903381642512077
1 0.5060975609756098 0.05434782608695652 0.023035230352303523 0.10869565217391304
1 0.5691056910569106 0.05434782608695652 0.032520325203252036 0.10869565217391304
1 0.6077235772357723 0.057971014492753624 0.03387533875338753 0.11594202898550725
1 0.6375338753387534 0.059178743961352656 0.025745257452574527 0.11835748792270531
1 0.6991869918699187 0.10265700483091787 0.02710027100271003 0.06521739130434782
1 0.9186991869918699 0.11473429951690821 0.02710027100271003 0.04589371980676329
0 0.8319783197831978 0.1570048309178744 0.04878048780487805 0.028985507246376812