1 0.6 0.53046875 0.15625 0.2265625
1 0.7421875 0.4625 0.1 0.140625
1 0.25625 0.54140625 0.1 0.2484375
1 0.3078125 0.525 0.096875 0.209375
1 0.390625 0.4546875 0.08125 0.078125
1 0.2015625 0.446875 0.046875 0.05625
1 0.415625 0.4421875 0.0625 0.065625
1 0.4125 0.41953125 0.034375 0.0640625
1 0.45 0.4234375 0.040625 0.078125
1 0.2984375 0.41484375 0.04375 0.0421875
1 0.475 0.434375 0.0625 0.090625
1 0.5828125 0.42421875 0.059375 0.0578125
1 0.5515625 0.3890625 0.028125 0.025
1 0.6921875 0.6984375 0.265625 0.50625
1 0.2546875 0.7046875 0.325 0.465625