1 0.5484375 0.56015625 0.278125 0.5140625
1 0.6796875 0.52265625 0.1375 0.1421875
1 0.91171875 0.45078125 0.1296875 0.1015625
1 0.73359375 0.45390625 0.1390625 0.0953125
1 0.640625 0.4546875 0.065625 0.096875
1 0.525 0.44765625 0.084375 0.0703125
1 0.8234375 0.409375 0.090625 0.071875
1 0.93046875 0.4046875 0.1234375 0.084375
1 0.73359375 0.4015625 0.0890625 0.075
1 0.71875 0.3640625 0.125 0.059375
1 0.84609375 0.34921875 0.1171875 0.0578125
1 0.92890625 0.3515625 0.0890625 0.071875
1 0.9875 0.3671875 0.025 0.08125
1 0.5796875 0.37890625 0.09375 0.0765625
1 0.56796875 0.35 0.0828125 0.08125
1 0.65078125 0.34609375 0.0734375 0.0703125
1 0.70546875 0.32734375 0.0703125 0.0578125
1 0.7765625 0.321875 0.059375 0.059375
1 0.85703125 0.32109375 0.0828125 0.0578125
1 0.93828125 0.3171875 0.0921875 0.06875
1 0.7390625 0.29453125 0.065625 0.0515625
1 0.85234375 0.28984375 0.0671875 0.0421875
1 0.9046875 0.27421875 0.0625 0.0453125
1 0.97421875 0.2796875 0.0515625 0.06875
1 0.98828125 0.2984375 0.0234375 0.05625
1 0.0421875 0.1984375 0.084375 0.059375
1 0.0484375 0.16875 0.096875 0.09375
1 0.13515625 0.17734375 0.0921875 0.0828125
1 0.221875 0.18046875 0.078125 0.0765625
1 0.26796875 0.19609375 0.0828125 0.0546875
1 0.3125 0.2078125 0.071875 0.040625
1 0.35390625 0.1734375 0.0640625 0.05625
1 0.41328125 0.19453125 0.0796875 0.0484375
1 0.45 0.165625 0.075 0.059375
1 0.50078125 0.1734375 0.0421875 0.053125
1 0.5203125 0.19375 0.0875 0.04375
1 0.59140625 0.19453125 0.0953125 0.0484375
1 0.61015625 0.1671875 0.0671875 0.05625
1 0.69140625 0.19296875 0.0984375 0.0546875
1 0.81484375 0.1796875 0.0890625 0.078125
1 0.8625 0.184375 0.071875 0.071875
1 0.9203125 0.140625 0.071875 0.078125
1 0.97734375 0.17109375 0.0453125 0.0859375
1 0.975 0.1328125 0.05 0.05
1 0.84765625 0.13515625 0.0734375 0.0609375
1 0.80078125 0.15 0.0671875 0.05625
1 0.70859375 0.1609375 0.0859375 0.08125
1 0.77421875 0.11328125 0.0578125 0.0390625
1 0.659375 0.14375 0.078125 0.08125
1 0.51640625 0.14609375 0.0640625 0.0515625
1 0.471875 0.14296875 0.04375 0.0515625
1 0.43359375 0.12109375 0.0609375 0.0546875
1 0.4 0.14765625 0.059375 0.0546875
1 0.3484375 0.1484375 0.05625 0.059375
1 0.29375 0.1609375 0.071875 0.053125
1 0.2703125 0.15 0.053125 0.059375
1 0.221875 0.14296875 0.05 0.0546875
1 0.18828125 0.12578125 0.0453125 0.0578125
1 0.12265625 0.115625 0.0984375 0.06875
1 0.05078125 0.1203125 0.0578125 0.053125
1 0.0265625 0.09765625 0.053125 0.1171875
1 0.05078125 0.0953125 0.0484375 0.053125
1 0.1734375 0.09765625 0.075 0.0515625
1 0.24453125 0.10078125 0.0578125 0.0515625
1 0.28515625 0.103125 0.0546875 0.0625
1 0.3171875 0.11796875 0.040625 0.0546875
1 0.35625 0.10078125 0.053125 0.0421875
1 0.378125 0.1171875 0.0375 0.028125
1 0.39921875 0.0734375 0.0765625 0.09375
1 0.47890625 0.0859375 0.0828125 0.090625
1 0.534375 0.0875 0.040625 0.059375
1 0.57109375 0.11171875 0.0765625 0.0796875
1 0.61953125 0.0765625 0.0765625 0.071875
1 0.6703125 0.11640625 0.034375 0.0640625
1 0.70703125 0.12890625 0.0484375 0.0578125
1 0.8765625 0.103125 0.05625 0.046875
1 0.93515625 0.10546875 0.0734375 0.0609375
1 0.97578125 0.07109375 0.0484375 0.0609375
1 0.9140625 0.06875 0.071875 0.05
1 0.846875 0.071875 0.084375 0.084375
1 0.8078125 0.05390625 0.08125 0.1078125
1 0.7734375 0.05390625 0.071875 0.1078125
1 0.69375 0.05 0.09375 0.1
1 0.02890625 0.03359375 0.0515625 0.0671875
1 0.084375 0.04609375 0.103125 0.0796875
1 0.1453125 0.05859375 0.078125 0.0578125
1 0.15625 0.03203125 0.084375 0.0640625
1 0.2296875 0.04765625 0.05625 0.0546875
1 0.28515625 0.06171875 0.0578125 0.0421875
1 0.32578125 0.04375 0.0671875 0.08125
1 0.26953125 0.02578125 0.0671875 0.0515625
1 0.384375 0.03671875 0.05625 0.0578125
1 0.45078125 0.03828125 0.0609375 0.0546875
1 0.4875 0.02265625 0.05625 0.0453125
1 0.521875 0.04375 0.046875 0.034375
1 0.56875 0.05703125 0.053125 0.0640625
1 0.59453125 0.0359375 0.0546875 0.05
1 0.94296875 0.0296875 0.0640625 0.059375
1 0.88515625 0.03828125 0.0484375 0.0546875
1 0.85078125 0.0171875 0.0484375 0.034375