1 0.10078125 0.56875 0.2015625 0.371875
1 0.3984375 0.478125 0.26875 0.525
1 0.21484375 0.459375 0.0734375 0.234375
1 0.24765625 0.5015625 0.0421875 0.146875
1 0.29140625 0.4890625 0.0609375 0.16875
1 0.14296875 0.5 0.0640625 0.15
1 0.3765625 0.478125 0.040625 0.175
1 0.484375 0.47578125 0.071875 0.1859375
1 0.59609375 0.42578125 0.0609375 0.2734375
1 0.65625 0.4203125 0.059375 0.275
1 0.7296875 0.48203125 0.071875 0.1546875
1 0.77265625 0.465625 0.0546875 0.171875
1 0.79375 0.45546875 0.040625 0.1890625
1 0.86484375 0.459375 0.0890625 0.1875
1 0.91015625 0.41875 0.0921875 0.259375
1 0.9703125 0.421875 0.059375 0.24375
1 0.8484375 0.2921875 0.05625 0.071875
1 0.70390625 0.15078125 0.0421875 0.1140625
1 0.54296875 0.140625 0.0578125 0.134375
1 0.50078125 0.134375 0.0453125 0.140625
1 0.4640625 0.17421875 0.053125 0.0734375
1 0.4171875 0.1265625 0.05 0.146875
1 0.340625 0.17109375 0.0625 0.0796875
1 0.28671875 0.16875 0.0640625 0.06875
1 0.1546875 0.184375 0.0625 0.103125
1 0.11171875 0.18984375 0.0515625 0.1015625
1 0.0453125 0.159375 0.05625 0.071875
1 0.02109375 0.14375 0.0421875 0.1
1 0.075 0.10703125 0.05625 0.1265625
1 0.12421875 0.09609375 0.0671875 0.0921875
1 0.20859375 0.15625 0.0578125 0.19375
1 0.2484375 0.16875 0.05 0.075
1 0.24375 0.1171875 0.05 0.109375
1 0.16875 0.128125 0.0375 0.125
1 0.30078125 0.109375 0.0609375 0.0875
1 0.35234375 0.09765625 0.0515625 0.0828125
1 0.46875 0.09765625 0.04375 0.0828125
1 0.4375 0.1171875 0.0375 0.1125
1 0.3703125 0.16640625 0.040625 0.0859375
1 0.40234375 0.17734375 0.0296875 0.0546875