1 0.2140625 0.67421875 0.35 0.3765625
1 0.5375 0.5625 0.25 0.490625
1 0.91328125 0.3296875 0.1109375 0.265625
1 0.66796875 0.27578125 0.0578125 0.1390625
1 0.71640625 0.3078125 0.0703125 0.071875
1 0.62890625 0.3078125 0.0609375 0.096875
1 0.6078125 0.2515625 0.034375 0.05
1 0.57890625 0.25859375 0.0296875 0.0578125
1 0.584375 0.3140625 0.034375 0.021875
1 0.390625 0.30859375 0.071875 0.1015625
1 0.34296875 0.34296875 0.0703125 0.0765625
1 0.33515625 0.3078125 0.0578125 0.05625
1 0.2859375 0.33515625 0.06875 0.0734375
1 0.24609375 0.34453125 0.0703125 0.0828125
1 0.21796875 0.31796875 0.0421875 0.0828125
1 0.18046875 0.32265625 0.0890625 0.1046875
1 0.11484375 0.3203125 0.0703125 0.096875
1 0.0703125 0.32109375 0.040625 0.0921875
1 0.10859375 0.35 0.1234375 0.06875