1 0.890625 0.48359375 0.159375 0.3421875
1 0.72578125 0.5859375 0.1734375 0.38125
1 0.590625 0.553125 0.196875 0.384375
1 0.8796875 0.4625 0.1375 0.23125
1 0.90625 0.33359375 0.028125 0.0828125
1 0.9546875 0.2828125 0.025 0.09375
1 0.9734375 0.290625 0.034375 0.08125
1 0.503125 0.2484375 0.021875 0.06875
1 0.46015625 0.26953125 0.0390625 0.0828125
1 0.43984375 0.30625 0.0234375 0.071875
1 0.41484375 0.3171875 0.0203125 0.0625
1 0.4640625 0.3453125 0.028125 0.078125
1 0.35703125 0.31328125 0.0203125 0.0796875
1 0.284375 0.334375 0.028125 0.09375
1 0.2609375 0.35546875 0.034375 0.0453125
1 0.2390625 0.35546875 0.021875 0.0390625
1 0.43984375 0.36328125 0.0265625 0.0453125
1 0.32734375 0.328125 0.0234375 0.103125
1 0.41875 0.36171875 0.021875 0.0453125
1 0.396875 0.36171875 0.025 0.0453125
1 0.35234375 0.35859375 0.0359375 0.0484375
1 0.2921875 0.35390625 0.028125 0.0515625
1 0.07421875 0.23125 0.0296875 0.05625
1 0.04453125 0.22578125 0.0234375 0.0515625
1 0.2515625 0.25546875 0.025 0.0796875