1 0.80078125 0.709375 0.3984375 0.296875
1 0.79921875 0.459375 0.1984375 0.40625
1 0.1953125 0.68203125 0.340625 0.2546875
1 0.3390625 0.25546875 0.165625 0.3640625
1 0.13046875 0.26953125 0.1421875 0.3203125
1 0.1703125 0.15546875 0.090625 0.0890625
1 0.2953125 0.16796875 0.090625 0.0640625
1 0.659375 0.2171875 0.096875 0.121875
1 0.80703125 0.2171875 0.0453125 0.05
1 0.90703125 0.19453125 0.0890625 0.0671875
1 0.91171875 0.28046875 0.0421875 0.0796875
1 0.93515625 0.2828125 0.0453125 0.0375
1 0.68671875 0.290625 0.0390625 0.065625
1 0.6203125 0.29921875 0.021875 0.0578125
1 0.675 0.36171875 0.059375 0.0734375
1 0.615625 0.38359375 0.109375 0.0734375
1 0.6921875 0.43515625 0.03125 0.0546875
1 0.66875 0.446875 0.028125 0.04375
1 0.63671875 0.4453125 0.0328125 0.05
1 0.615625 0.44375 0.025 0.065625
1 0.54140625 0.4671875 0.1203125 0.096875
1 0.39140625 0.40234375 0.0859375 0.1578125
1 0.3609375 0.45625 0.075 0.0875
1 0.31328125 0.48125 0.0546875 0.1
1 0.4125 0.53359375 0.109375 0.1078125
1 0.89921875 0.41875 0.0296875 0.059375
1 0.94609375 0.425 0.0484375 0.053125
1 0.9796875 0.4109375 0.028125 0.059375
1 0.1015625 0.56796875 0.053125 0.0515625
1 0.26328125 0.58203125 0.0765625 0.0546875
1 0.459375 0.47734375 0.05 0.0515625
1 0.5109375 0.55078125 0.071875 0.0796875
1 0.55 0.52578125 0.028125 0.0921875
1 0.16171875 0.91171875 0.0421875 0.1296875
1 0.2703125 0.91015625 0.11875 0.0890625
1 0.34765625 0.903125 0.0515625 0.09375
1 0.4265625 0.909375 0.05625 0.103125
1 0.46640625 0.96171875 0.0734375 0.0765625
1 0.57578125 0.96015625 0.0734375 0.0796875
1 0.61484375 0.93671875 0.1078125 0.1015625
1 0.7265625 0.96484375 0.065625 0.0703125
1 0.734375 0.92578125 0.065625 0.0859375
1 0.88984375 0.93828125 0.0484375 0.1234375
1 0.95 0.95 0.04375 0.1
1 0.98125 0.953125 0.0375 0.09375
1 0.82578125 0.8859375 0.0828125 0.1125
1 0.76875 0.86796875 0.05625 0.1234375
1 0.67265625 0.8734375 0.0703125 0.090625
1 0.6265625 0.84453125 0.05 0.1109375
1 0.55234375 0.86015625 0.0484375 0.1140625
1 0.46875 0.909375 0.040625 0.08125
1 0.41875 0.83046875 0.046875 0.0953125
1 0.35078125 0.8171875 0.0453125 0.09375
1 0.2703125 0.865625 0.04375 0.065625
1 0.24140625 0.84765625 0.0484375 0.0890625
1 0.20078125 0.88203125 0.0515625 0.0984375
1 0.1171875 0.9046875 0.04375 0.09375
1 0.07890625 0.92265625 0.0328125 0.1046875
1 0.0796875 0.8421875 0.0375 0.10625
1 0.14453125 0.8328125 0.0328125 0.109375
1 0.1859375 0.81640625 0.046875 0.0859375
1 0.9140625 0.85234375 0.06875 0.1078125
1 0.965625 0.85390625 0.06875 0.1015625
1 0.89140625 0.81328125 0.0546875 0.0921875
1 0.83984375 0.84609375 0.0703125 0.0796875
1 0.80859375 0.79453125 0.0546875 0.0921875
1 0.7515625 0.83125 0.05 0.071875
1 0.69140625 0.828125 0.0515625 0.090625
1 0.65390625 0.8078125 0.0484375 0.090625
1 0.57421875 0.77421875 0.0421875 0.1078125
1 0.59765625 0.75390625 0.0421875 0.0921875
1 0.5171875 0.83203125 0.04375 0.0921875
1 0.5109375 0.77421875 0.04375 0.0953125
1 0.4875 0.7609375 0.04375 0.0875
1 0.44453125 0.759375 0.0515625 0.0875
1 0.41328125 0.74453125 0.0453125 0.0765625
1 0.3828125 0.75859375 0.040625 0.0796875
1 0.321875 0.7828125 0.0375 0.084375
1 0.2875 0.765625 0.0375 0.06875
1 0.2984375 0.725 0.040625 0.05
1 0.9828125 0.77421875 0.034375 0.0671875
1 0.965625 0.665625 0.040625 0.075
1 0.5109375 0.66328125 0.0375 0.0671875
1 0.54296875 0.68671875 0.0515625 0.0765625
1 0.5734375 0.696875 0.046875 0.065625
1 0.61484375 0.7109375 0.0515625 0.059375