1 0.1265625 0.590625 0.25 0.6375
1 0.146875 0.3421875 0.15 0.14375
1 0.10546875 0.4375 0.0984375 0.14375
1 0.1765625 0.6421875 0.190625 0.453125
1 0.6265625 0.409375 0.246875 0.178125
1 0.27578125 0.7015625 0.1203125 0.303125
1 0.4625 0.721875 0.0375 0.096875
1 0.51796875 0.7265625 0.0328125 0.084375
1 0.55234375 0.721875 0.0328125 0.09375
1 0.578125 0.73671875 0.040625 0.0609375
1 0.721875 0.73828125 0.028125 0.0828125
1 0.68203125 0.71796875 0.0453125 0.0859375
1 0.97109375 0.7609375 0.0359375 0.065625
1 0.02109375 0.14921875 0.0421875 0.1546875