1 0.2015625 0.575 0.10625 0.309375
1 0.36015625 0.6265625 0.0859375 0.396875
1 0.50625 0.63984375 0.090625 0.3953125
1 0.4578125 0.62109375 0.065625 0.3578125
1 0.54609375 0.59609375 0.0578125 0.3546875
1 0.62890625 0.58046875 0.0546875 0.3359375
1 0.66328125 0.578125 0.0421875 0.278125
1 0.70625 0.58125 0.06875 0.34375
1 0.7796875 0.57421875 0.090625 0.2828125
1 0.840625 0.57890625 0.059375 0.2515625
1 0.81640625 0.49609375 0.0578125 0.1421875
1 0.946875 0.56875 0.10625 0.296875
1 0.90703125 0.49921875 0.0484375 0.1671875