1 0.27578125 0.4625 0.0890625 0.2125
1 0.3359375 0.25859375 0.0625 0.1453125
1 0.38125 0.29296875 0.08125 0.1890625
1 0.52890625 0.796875 0.0765625 0.1
1 0.521875 0.7125 0.071875 0.11875
1 0.45 0.6703125 0.0625 0.096875
1 0.490625 0.61875 0.03125 0.096875
1 0.5421875 0.5765625 0.015625 0.075
1 0.7015625 0.525 0.29375 0.7125
1 0.3453125 0.6328125 0.065625 0.0875
1 0.284375 0.690625 0.06875 0.1
1 0.16640625 0.6515625 0.0671875 0.084375
1 0.459375 0.546875 0.06875 0.125
1 0.23828125 0.6421875 0.0828125 0.103125
1 0.2828125 0.625 0.05625 0.078125
1 0.2125 0.5453125 0.0625 0.128125
1 0.0984375 0.3953125 0.009375 0.028125