1 0.41484375 0.46171875 0.5953125 0.8015625
1 0.0984375 0.31796875 0.196875 0.3234375
1 0.84453125 0.3484375 0.2140625 0.29375
1 0.65 0.353125 0.18125 0.26875
1 0.92265625 0.17265625 0.1546875 0.1859375
1 0.78828125 0.1875 0.1359375 0.15
1 0.65625 0.171875 0.140625 0.15
1 0.54296875 0.16640625 0.0984375 0.1296875
1 0.43515625 0.17421875 0.1359375 0.1703125
1 0.3359375 0.1515625 0.134375 0.15625
1 0.5078125 0.29765625 0.15625 0.1609375
1 0.39921875 0.25390625 0.1015625 0.1078125
1 0.19609375 0.1453125 0.1515625 0.159375
1 0.50703125 0.0828125 0.1421875 0.146875
1 0.6390625 0.0796875 0.125 0.146875
1 0.75546875 0.1046875 0.1109375 0.153125
1 0.27421875 0.075 0.0859375 0.146875
1 0.08671875 0.15625 0.1171875 0.16875