1 0.2890625 0.35703125 0.1125 0.4203125
1 0.75546875 0.3140625 0.1359375 0.31875
1 0.853125 0.184375 0.071875 0.190625
1 0.1953125 0.134375 0.046875 0.203125
1 0.13125 0.115625 0.04375 0.190625
1 0.28359375 0.09921875 0.0453125 0.1203125
1 0.51171875 0.16328125 0.0609375 0.1703125
1 0.521875 0.0921875 0.025 0.065625
1 0.01796875 0.19296875 0.0359375 0.2359375
1 0.62890625 0.6609375 0.4109375 0.596875
1 0.3234375 0.65703125 0.30625 0.5546875
1 0.6109375 0.31640625 0.384375 0.2609375
1 0.50234375 0.278125 0.1953125 0.2625
1 0.365625 0.2515625 0.13125 0.29375
1 0.23125 0.3640625 0.275 0.3625
1 0.065625 0.378125 0.13125 0.38125
1 0.93203125 0.4 0.1359375 0.421875
1 0.24609375 0.12578125 0.0609375 0.1453125