1 0.5546875 0.7765625 0.325 0.446875
1 0.8453125 0.7828125 0.178125 0.434375
1 0.78515625 0.68359375 0.2578125 0.6015625
1 0.603125 0.54765625 0.16875 0.4265625
1 0.46328125 0.61796875 0.1265625 0.3765625
1 0.165625 0.79140625 0.309375 0.4171875
1 0.3046875 0.753125 0.18125 0.49375
1 0.35625 0.6 0.11875 0.35
1 0.33359375 0.38828125 0.1296875 0.3140625
1 0.95390625 0.57734375 0.0921875 0.5046875
1 0.67734375 0.3765625 0.0546875 0.365625
1 0.35078125 0.18671875 0.1140625 0.1421875
1 0.1796875 0.45 0.128125 0.325
1 0.10234375 0.62421875 0.1546875 0.4046875
1 0.2578125 0.24765625 0.05625 0.2140625
1 0.19921875 0.17109375 0.0671875 0.1171875
1 0.03984375 0.41328125 0.0765625 0.1765625
1 0.19140625 0.29140625 0.0546875 0.1296875
1 0.1234375 0.27890625 0.075 0.1984375
1 0.0890625 0.1921875 0.075 0.084375
1 0.06953125 0.32265625 0.0953125 0.1859375
1 0.71328125 0.31640625 0.0765625 0.1859375
1 0.31328125 0.125 0.0421875 0.14375
1 0.20234375 0.2140625 0.0546875 0.05625
1 0.82265625 0.4671875 0.1546875 0.240625