1 0.33359375 0.11171875 0.0703125 0.1765625
1 0.4875 0.12578125 0.196875 0.2046875
1 0.59765625 0.0734375 0.0359375 0.1
1 0.6625 0.0765625 0.078125 0.10625
1 0.9015625 0.15625 0.15 0.265625
1 0.11484375 0.48203125 0.1265625 0.2078125
1 0.44453125 0.48359375 0.0734375 0.2109375
1 0.515625 0.45390625 0.021875 0.0515625
1 0.53828125 0.453125 0.0234375 0.05
1 0.7 0.50703125 0.078125 0.2578125
1 0.82421875 0.484375 0.1015625 0.2125
1 0.08671875 0.75078125 0.0703125 0.1328125
1 0.32578125 0.7734375 0.0765625 0.178125
1 0.5203125 0.79453125 0.175 0.2203125
1 0.7390625 0.74453125 0.071875 0.0671875
1 0.921875 0.76640625 0.109375 0.1640625