1 0.3015625 0.528125 0.603125 0.7125
1 0.4984375 0.2296875 0.996875 0.459375
1 0.646875 0.6828125 0.109375 0.4125
1 0.69140625 0.6359375 0.0359375 0.246875
1 0.71875 0.64375 0.059375 0.246875
1 0.8734375 0.63671875 0.059375 0.2953125
1 0.8421875 0.6640625 0.03125 0.075
1 0.88515625 0.66171875 0.0296875 0.0515625
1 0.9171875 0.6015625 0.034375 0.1125
1 0.94296875 0.60234375 0.0265625 0.1265625
1 0.97109375 0.59296875 0.0328125 0.1140625
1 0.3109375 0.540625 0.0375 0.10625
1 0.85625 0.3734375 0.053125 0.08125
1 0.9453125 0.4453125 0.065625 0.01875
1 0.8125 0.33984375 0.15625 0.0453125
1 0.9953125 0.60078125 0.009375 0.0984375