1 0.234375 0.55625 0.440625 0.740625
1 0.8234375 0.71484375 0.353125 0.4578125
1 0.95546875 0.51328125 0.0890625 0.1984375
1 0.73984375 0.3671875 0.2015625 0.34375
1 0.9234375 0.2234375 0.146875 0.21875
1 0.53125 0.2640625 0.13125 0.159375
1 0.440625 0.2125 0.14375 0.2375
1 0.671875 0.24140625 0.128125 0.1984375
1 0.81796875 0.19765625 0.1078125 0.1609375
1 0.7796875 0.1078125 0.134375 0.16875
1 0.66328125 0.1140625 0.1234375 0.153125
1 0.496875 0.09609375 0.121875 0.1859375
1 0.04140625 0.2 0.0828125 0.346875
1 0.08125 0.1328125 0.08125 0.265625
1 0.14453125 0.134375 0.1203125 0.26875
1 0.97265625 0.10390625 0.0546875 0.1609375
1 0.55078125 0.1921875 0.1171875 0.16875
1 0.6484375 0.1875 0.109375 0.184375
1 0.62421875 0.06640625 0.1203125 0.1328125
1 0.70390625 0.05234375 0.1015625 0.1046875
1 0.83828125 0.0546875 0.1484375 0.109375
1 0.56796875 0.0609375 0.1203125 0.121875