1 0.05390625 0.3296875 0.1015625 0.096875
1 0.1875 0.32890625 0.175 0.1015625
1 0.28671875 0.321875 0.0796875 0.115625
1 0.1078125 0.153125 0.215625 0.115625
1 0.33828125 0.07578125 0.1484375 0.1515625
1 0.46875 0.04921875 0.125 0.0921875
1 0.578125 0.046875 0.15625 0.090625
1 0.72265625 0.06640625 0.1765625 0.1109375
1 0.88984375 0.12890625 0.1796875 0.0984375
1 0.9625 0.1171875 0.075 0.078125
1 0.70703125 0.240625 0.1765625 0.103125
1 0.8359375 0.2625 0.165625 0.15625
1 0.85625 0.31875 0.08125 0.078125
1 0.94375 0.36015625 0.1125 0.1078125
1 0.9421875 0.2953125 0.115625 0.090625
1 0.7546875 0.36015625 0.159375 0.1078125
1 0.7125 0.309375 0.128125 0.090625
1 0.5640625 0.465625 0.521875 0.675