1 0.5328125 0.4421875 0.40625 0.640625
1 0.875 0.5796875 0.09375 0.390625
1 0.9421875 0.6390625 0.103125 0.228125
1 0.37578125 0.88203125 0.0734375 0.1453125
1 0.4046875 0.9078125 0.021875 0.078125
1 0.27109375 0.83125 0.0328125 0.09375
1 0.2140625 0.803125 0.084375 0.159375
1 0.15234375 0.8484375 0.0265625 0.090625
1 0.06484375 0.85625 0.0984375 0.134375
1 0.390625 0.70234375 0.028125 0.0671875
1 0.36015625 0.653125 0.0703125 0.146875
1 0.03359375 0.70546875 0.0203125 0.0671875
1 0.05703125 0.55234375 0.0140625 0.0671875
1 0.08515625 0.39765625 0.0203125 0.0578125
1 0.096875 0.228125 0.01875 0.05
1 0.078125 0.06171875 0.021875 0.0546875