1 0.94375 0.840625 0.10625 0.31875
1 0.66015625 0.828125 0.0765625 0.296875
1 0.2515625 0.7546875 0.08125 0.171875
1 0.17578125 0.6828125 0.0265625 0.0625
1 0.0703125 0.6796875 0.01875 0.05625
1 0.29921875 0.67578125 0.0109375 0.0359375
1 0.31484375 0.675 0.0109375 0.0375
1 0.334375 0.67734375 0.0125 0.0359375
1 0.96796875 0.71171875 0.0296875 0.0609375
1 0.1015625 0.65234375 0.015625 0.0421875
1 0.11328125 0.6515625 0.0109375 0.040625
1 0.1765625 0.66015625 0.0125 0.0390625
1 0.1984375 0.66328125 0.0125 0.0296875