1 0.06328125 0.65 0.1265625 0.7
1 0.23671875 0.59140625 0.2421875 0.5671875
1 0.38515625 0.60234375 0.1609375 0.4296875
1 0.53046875 0.5640625 0.1328125 0.35625
1 0.85703125 0.4421875 0.1765625 0.296875
1 0.96484375 0.38828125 0.0703125 0.1546875
1 0.71953125 0.44375 0.1046875 0.26875
1 0.62421875 0.4203125 0.1109375 0.128125
1 0.746875 0.3984375 0.0625 0.16875
1 0.47890625 0.515625 0.1078125 0.315625
1 0.0625 0.20234375 0.028125 0.0640625
1 0.06484375 0.21953125 0.0296875 0.0515625
1 0.71953125 0.26875 0.0390625 0.078125
1 0.72109375 0.28984375 0.0421875 0.0484375