1 0.6328125 0.66015625 0.125 0.4078125
1 0.553125 0.52890625 0.1125 0.2921875
1 0.47890625 0.58125 0.0921875 0.2125
1 0.40078125 0.496875 0.0609375 0.23125
1 0.33359375 0.48359375 0.0609375 0.2296875
1 0.64765625 0.4421875 0.0703125 0.15
1 0.7203125 0.48359375 0.08125 0.2328125
1 0.1796875 0.446875 0.0375 0.1375
1 0.21640625 0.44375 0.0359375 0.140625
1 0.2859375 0.44296875 0.04375 0.1390625
1 0.2546875 0.44375 0.0375 0.115625
1 0.440625 0.44453125 0.034375 0.1296875
1 0.475 0.42109375 0.0375 0.1203125
1 0.78359375 0.453125 0.0421875 0.153125
1 0.84375 0.4578125 0.05 0.125
1 0.90859375 0.45234375 0.0390625 0.1359375
1 0.984375 0.47421875 0.03125 0.1734375