1 0.05 0.72734375 0.096875 0.3171875
1 0.08984375 0.61953125 0.0546875 0.1203125
1 0.1953125 0.734375 0.075 0.325
1 0.31875 0.76953125 0.121875 0.4609375
1 0.43046875 0.74453125 0.0921875 0.3609375
1 0.3859375 0.69921875 0.059375 0.2921875
1 0.621875 0.7671875 0.11875 0.415625
1 0.55859375 0.71015625 0.0671875 0.2453125
1 0.7390625 0.6953125 0.075 0.246875
1 0.853125 0.7203125 0.0625 0.290625
1 0.9328125 0.775 0.115625 0.45
1 0.9625 0.72265625 0.071875 0.3953125
1 0.48359375 0.6390625 0.0421875 0.146875