1 0.33125 0.56640625 0.503125 0.8328125
1 0.8171875 0.06953125 0.140625 0.1296875
1 0.75390625 0.14140625 0.0890625 0.1296875
1 0.6359375 0.0671875 0.159375 0.13125
1 0.6671875 0.16171875 0.159375 0.1578125
1 0.78125 0.3296875 0.146875 0.075
1 0.33046875 0.22890625 0.0953125 0.0765625
1 0.3921875 0.16953125 0.146875 0.1609375
1 0.25546875 0.16875 0.1234375 0.20625
1 0.05625 0.27578125 0.1125 0.1515625
1 0.10703125 0.171875 0.1671875 0.196875
1 0.38359375 0.06328125 0.1640625 0.1265625
1 0.025 0.096875 0.046875 0.1875
1 0.05625 0.3421875 0.1125 0.071875
1 0.196875 0.2515625 0.1125 0.14375
1 0.25625 0.07265625 0.16875 0.1453125
1 0.13046875 0.06484375 0.1328125 0.1296875
1 0.54921875 0.17109375 0.0984375 0.1171875
1 0.515625 0.06328125 0.128125 0.1234375
1 0.70390625 0.0328125 0.1515625 0.065625
1 0.94375 0.2 0.1125 0.171875
1 0.8734375 0.20625 0.06875 0.19375
1 0.828125 0.21015625 0.084375 0.1140625
1 0.7921875 0.27578125 0.159375 0.1546875
1 0.64609375 0.25 0.1734375 0.1375
1 0.5484375 0.2671875 0.065625 0.05
1 0.6484375 0.33515625 0.13125 0.0765625
1 0.93125 0.3328125 0.0875 0.059375