1 0.21171875 0.7671875 0.3015625 0.465625
1 0.3703125 0.72578125 0.134375 0.5328125
1 0.109375 0.5796875 0.1125 0.2375
1 0.04921875 0.48671875 0.0921875 0.1796875
1 0.4828125 0.5234375 0.1 0.403125
1 0.62890625 0.4953125 0.0796875 0.378125
1 0.7140625 0.5328125 0.053125 0.271875
1 0.675 0.60234375 0.04375 0.1984375
1 0.7734375 0.53828125 0.071875 0.2140625
1 0.94921875 0.4609375 0.1015625 0.240625
1 0.4 0.5125 0.1 0.290625
1 0.54140625 0.5265625 0.0609375 0.265625
1 0.56875 0.4328125 0.046875 0.171875
1 0.05625 0.3984375 0.0375 0.134375
1 0.0484375 0.35546875 0.03125 0.0859375
1 0.1078125 0.390625 0.0375 0.128125
1 0.14453125 0.38203125 0.0359375 0.0953125
1 0.153125 0.44765625 0.05625 0.1171875
1 0.86484375 0.46015625 0.0453125 0.1546875
1 0.58828125 0.56171875 0.0484375 0.2203125
1 0.89453125 0.3828125 0.0234375 0.10625