1 0.01953125 0.3328125 0.0390625 0.153125
1 0.115625 0.3421875 0.065625 0.15625
1 0.2109375 0.4328125 0.109375 0.259375
1 0.23046875 0.48046875 0.0328125 0.1015625
1 0.25859375 0.35859375 0.0671875 0.1609375
1 0.29609375 0.48125 0.0703125 0.121875
1 0.30859375 0.41015625 0.0453125 0.0921875
1 0.34609375 0.39609375 0.0734375 0.2203125
1 0.41015625 0.3703125 0.0734375 0.171875
1 0.4203125 0.38515625 0.05 0.0734375
1 0.38359375 0.5796875 0.2484375 0.390625
1 0.52421875 0.39765625 0.0703125 0.1453125
1 0.6296875 0.37890625 0.10625 0.3859375
1 0.84609375 0.38515625 0.0671875 0.1046875
1 0.9546875 0.53828125 0.090625 0.3609375
1 0.97578125 0.68359375 0.0484375 0.2265625
1 0.97265625 0.8984375 0.0546875 0.2
1 0.9109375 0.915625 0.1 0.16875
1 0.71171875 0.96484375 0.1796875 0.0703125