1 0.44921875 0.50078125 0.8984375 0.4953125
1 0.3765625 0.484375 0.0375 0.090625
1 0.4046875 0.5859375 0.071875 0.140625
1 0.2546875 0.64140625 0.165625 0.2453125
1 0.94375 0.58359375 0.065625 0.0734375
1 0.70078125 0.7734375 0.0515625 0.096875
1 0.734375 0.775 0.034375 0.0875
1 0.3421875 0.70859375 0.04375 0.1140625
1 0.3796875 0.703125 0.040625 0.10625
1 0.4125 0.7109375 0.040625 0.06875
1 0.45390625 0.72109375 0.0421875 0.0484375
1 0.4921875 0.71328125 0.04375 0.0453125
1 0.5359375 0.68203125 0.0375 0.0859375
1 0.44765625 0.5765625 0.0484375 0.084375
1 0.58125 0.65859375 0.13125 0.0890625