1 0.09140625 0.5953125 0.1796875 0.553125
1 0.24609375 0.6859375 0.3046875 0.3875
1 0.653125 0.6046875 0.31875 0.553125
1 0.37265625 0.3921875 0.0890625 0.259375
1 0.4609375 0.42578125 0.1 0.3328125
1 0.40078125 0.57421875 0.1265625 0.3234375
1 0.52578125 0.58046875 0.1078125 0.3390625
1 0.55078125 0.39609375 0.0921875 0.2109375
1 0.6390625 0.33515625 0.09375 0.1421875
1 0.7046875 0.359375 0.04375 0.115625
1 0.7421875 0.51875 0.1125 0.43125
1 0.9296875 0.575 0.140625 0.328125
1 0.9546875 0.4921875 0.090625 0.465625