0 0.11046511627906977 0.16 0.17591897974493623 0.291
0 0.25150037509377343 0.13175 0.08889722430607652 0.2415
0 0.3642160540135034 0.1345 0.09152288072018004 0.243
0 0.5056264066016504 0.14025 0.12378094523630907 0.2755
0 0.6588522130532634 0.12875 0.10840210052513129 0.2545
0 0.7828207051762941 0.09675 0.13728432108027006 0.1885
0 0.9133533383345837 0.174 0.1275318829707427 0.261
0 0.1592273068267067 0.46275 0.11440360090022506 0.3215
0 0.2955738934733683 0.492 0.11477869467366841 0.201
0 0.741747936984246 0.4795 0.11440360090022506 0.222
0 0.872655663915979 0.458 0.14891222805701426 0.309
0 0.10596399099774943 0.784 0.1571642910727682 0.311
0 0.25975243810952736 0.842 0.1706676669167292 0.312
0 0.38465866466616655 0.70375 0.10015003750937734 0.2655
0 0.5151912978244562 0.7645 0.18642160540135033 0.353
0 0.628469617404351 0.68525 0.10840210052513129 0.2625
0 0.7490622655663915 0.83925 0.18529632408102026 0.3085
0 0.910165041260315 0.78525 0.17966991747936983 0.3165