2 0.18125 0.09005524861878453 0.29375 0.09834254143646409
2 0.4765625 0.10386740331491713 0.409375 0.12596685082872927
2 0.75859375 0.19889502762430938 0.4453125 0.22320441988950276
2 0.3125 0.22099447513812154 0.4125 0.09281767955801105
2 0.2234375 0.4022099447513812 0.34375 0.17016574585635358
2 0.51796875 0.38176795580110495 0.2796875 0.22430939226519336
2 0.746875 0.4038674033149171 0.3375 0.21988950276243094
2 0.646875 0.6099447513812155 0.521875 0.16132596685082873
2 0.22890625 0.6519337016574586 0.4265625 0.225414364640884
2 0.6375 0.7475138121546961 0.396875 0.08508287292817679
2 0.2703125 0.9 0.371875 0.16464088397790055
2 0.7484375 0.9237569060773481 0.428125 0.11933701657458563