0 0.13043478260869565 0.12194293478260869 0.15489130434782608 0.11888586956521739
0 0.358695652173913 0.11888586956521739 0.1358695652173913 0.11005434782608696
0 0.6283967391304348 0.12160326086956522 0.20244565217391305 0.11277173913043478
0 0.8485054347826086 0.12058423913043478 0.13451086956521738 0.109375
0 0.125 0.266304347826087 0.13858695652173914 0.12228260869565218
0 0.35665760869565216 0.26936141304347827 0.15896739130434784 0.11616847826086957
0 0.5828804347826086 0.265625 0.13858695652173914 0.12364130434782608
0 0.8308423913043478 0.264945652173913 0.2105978260869565 0.12228260869565218
0 0.15692934782608695 0.43002717391304346 0.2105978260869565 0.13179347826086957
0 0.37771739130434784 0.42764945652173914 0.19293478260869565 0.13790760869565216
0 0.6290760869565217 0.42764945652173914 0.16304347826086957 0.13654891304347827
0 0.8688858695652174 0.42391304347826086 0.21875 0.15489130434782608
0 0.16847826086956522 0.5968070652173914 0.21739130434782608 0.13383152173913043
0 0.43002717391304346 0.5964673913043478 0.17527173913043478 0.1331521739130435
0 0.6623641304347826 0.5913722826086957 0.15896739130434784 0.14198369565217392
0 0.8783967391304348 0.6008831521739131 0.14266304347826086 0.12567934782608695
0 0.16304347826086957 0.7503396739130435 0.16847826086956522 0.12296195652173914
0 0.406929347826087 0.7516983695652174 0.15896739130434784 0.12024456521739131
0 0.6474184782608695 0.7530570652173914 0.1453804347826087 0.11480978260869565
0 0.873641304347826 0.7459239130434783 0.11413043478260869 0.13043478260869565
0 0.14402173913043478 0.9011548913043478 0.17391304347826086 0.12432065217391304
0 0.38858695652173914 0.9042119565217391 0.14130434782608695 0.125
0 0.6141304347826086 0.9028532608695652 0.17391304347826086 0.12907608695652173
0 0.8661684782608695 0.9065896739130435 0.1671195652173913 0.12024456521739131