2 0.14114583333333333 0.07081489195521999 0.11458333333333333 0.123926060921635
2 0.35703125 0.07029419422025514 0.10677083333333333 0.1249674563915647
2 0.5854166666666667 0.07029419422025514 0.11666666666666667 0.1249674563915647
2 0.8236979166666667 0.07055454308773756 0.1359375 0.12444675865659985
2 0.15807291666666667 0.20801874511845875 0.16197916666666667 0.12288466545170529
2 0.38125 0.20723769851601145 0.16875 0.12444675865659985
2 0.6161458333333333 0.20697734964852904 0.18333333333333332 0.1249674563915647
2 0.8359375 0.20723769851601145 0.20520833333333333 0.12652954959645926
2 0.16067708333333333 0.35303306430617026 0.18072916666666666 0.123926060921635
2 0.3927083333333333 0.35303306430617026 0.16041666666666668 0.123926060921635
2 0.5989583333333334 0.35251236657120544 0.14375 0.1249674563915647
2 0.8244791666666667 0.35355376204113514 0.12604166666666666 0.123926060921635
2 0.14947916666666666 0.49973965113251756 0.11145833333333334 0.12366571205415257
2 0.39505208333333336 0.49973965113251756 0.10677083333333333 0.12470710752408228
2 0.6088541666666667 0.5002603488674824 0.10833333333333334 0.12366571205415257
2 0.8408854166666667 0.5007810466024473 0.10572916666666667 0.12366571205415257
2 0.1421875 0.6372038531632387 0.1125 0.12314501431918772
2 0.37838541666666664 0.6372038531632387 0.12760416666666666 0.12418640978911742
2 0.6015625 0.6370736787294975 0.14270833333333333 0.12548815412652956
2 0.8325520833333333 0.6370736787294975 0.1609375 0.12548815412652956
2 0.11223958333333334 0.7768810205675605 0.18385416666666668 0.123926060921635
2 0.3572916666666667 0.7758396250976308 0.203125 0.1260088518614944
2 0.5864583333333333 0.7768810205675605 0.18229166666666666 0.1249674563915647
2 0.8182291666666667 0.777141369435043 0.16979166666666667 0.12444675865659985
2 0.09557291666666666 0.9174694090080708 0.16614583333333333 0.12288466545170529
2 0.3546875 0.9160374902369175 0.140625 0.12418640978911742
2 0.5927083333333333 0.9151262692007289 0.11354166666666667 0.1249674563915647
2 0.83984375 0.9138245248633169 0.11302083333333333 0.12757094506638897