0 0.1307300509337861 0.1303056027164686 0.166383701188455 0.1230899830220713
0 0.3522920203735144 0.13497453310696095 0.15449915110356535 0.11375212224108659
0 0.6044142614601019 0.13412563667232597 0.22410865874363328 0.11375212224108659
0 0.8590831918505942 0.133276740237691 0.1494057724957555 0.11544991511035653
0 0.831918505942275 0.2767402376910017 0.21052631578947367 0.12393887945670629
0 0.5840407470288624 0.27716468590831916 0.1494057724957555 0.1230899830220713
0 0.3539898132427844 0.27928692699490665 0.15789473684210525 0.11884550084889643
0 0.1264855687606112 0.27631578947368424 0.1307300509337861 0.1230899830220713
0 0.15619694397283532 0.44142614601018676 0.21052631578947367 0.12903225806451613
0 0.3769100169779287 0.4405772495755518 0.19015280135823429 0.13582342954159593
0 0.6290322580645161 0.4388794567062818 0.16468590831918506 0.13752122241086587
0 0.8709677419354839 0.4350594227504245 0.21731748726655348 0.1536502546689304
0 0.8803056027164686 0.6120543293718166 0.14091680814940577 0.12393887945670629
0 0.6621392190152802 0.6035653650254669 0.15619694397283532 0.14091680814940577
0 0.4303904923599321 0.6090831918505942 0.17487266553480477 0.13157894736842105
0 0.166383701188455 0.6086587436332768 0.22410865874363328 0.1307300509337861
0 0.15959252971137522 0.7627334465195246 0.1697792869269949 0.12478777589134125
0 0.4074702886247878 0.7640067911714771 0.16298811544991512 0.12224108658743633
0 0.6485568760611206 0.766553480475382 0.1494057724957555 0.11544991511035653
0 0.8726655348047538 0.7589134125636672 0.11544991511035653 0.1307300509337861
0 0.865025466893039 0.9185059422750425 0.16129032258064516 0.11714770797962648
0 0.6103565365025467 0.9129881154499151 0.17487266553480477 0.1264855687606112
0 0.3870967741935484 0.9151103565365025 0.14261460101867574 0.12563667232597622
0 0.14261460101867574 0.9129881154499151 0.1731748726655348 0.12478777589134125