2 0.18360433604336043 0.16290550070521861 0.2018970189701897 0.21861777150916784
2 0.38279132791327913 0.16502115655853314 0.10975609756097561 0.22002820874471085
2 0.573170731707317 0.16643159379407615 0.1951219512195122 0.22566995768688294
2 0.15921409214092141 0.4005641748942172 0.19647696476964768 0.231311706629055
2 0.3611111111111111 0.40620592383638926 0.15582655826558264 0.22002820874471085
2 0.551490514905149 0.41819464033850495 0.14092140921409213 0.2468265162200282
2 0.7784552845528455 0.4090267983074753 0.22899728997289973 0.25105782792665726
2 0.7723577235772358 0.6741889985895627 0.1951219512195122 0.231311706629055
2 0.5474254742547425 0.6875881523272215 0.1951219512195122 0.13399153737658676
2 0.34417344173441733 0.6156558533145275 0.2222222222222222 0.15937940761636107
2 0.17953929539295393 0.6473906911142454 0.1991869918699187 0.22566995768688294
2 0.2032520325203252 0.8829337094499294 0.23035230352303523 0.231311706629055
2 0.4830623306233062 0.8638928067700987 0.2181571815718157 0.23272214386459802
2 0.7303523035230353 0.885049365303244 0.1842818428184282 0.19040902679830748