0 0.211 0.17117117117117117 0.164 0.3303303303303303
0 0.3845 0.16966966966966968 0.159 0.32732732732732733
0 0.5555 0.16366366366366367 0.157 0.3213213213213213
0 0.7465 0.16591591591591592 0.145 0.32882882882882886
0 0.901 0.17117117117117117 0.146 0.3303303303303303
0 0.8845 0.48123123123123124 0.127 0.2807807807807808
0 0.773 0.4804804804804805 0.154 0.3183183183183183
0 0.6295 0.4264264264264264 0.121 0.29429429429429427
0 0.469 0.4159159159159159 0.134 0.3183183183183183
0 0.332 0.49024024024024027 0.154 0.3078078078078078
0 0.185 0.4894894894894895 0.14 0.30930930930930933
0 0.1805 0.816066066066066 0.151 0.35285285285285284
0 0.3305 0.8138138138138138 0.159 0.3633633633633634
0 0.4745 0.7942942942942943 0.137 0.3843843843843844
0 0.607 0.8018018018018018 0.15 0.3813813813813814
0 0.749 0.8168168168168168 0.156 0.35435435435435436
0 0.9005 0.7575075075075075 0.199 0.47897897897897895