0 0.089 0.124 0.1084 0.1648
0 0.2254 0.1246 0.1068 0.1652
0 0.363 0.1248 0.1068 0.1648
0 0.4994 0.1242 0.106 0.166
0 0.6368 0.1244 0.1072 0.1664
0 0.774 0.1252 0.1072 0.1648
0 0.9108 0.1248 0.108 0.1656
0 0.072 0.3396 0.1136 0.1736
0 0.1804 0.34 0.1128 0.1744
0 0.289 0.34 0.1124 0.1744
0 0.397 0.34 0.1124 0.1744
0 0.505 0.3404 0.1132 0.1736
0 0.6658 0.3544 0.098 0.1456
0 0.7872 0.3552 0.0976 0.1448
0 0.909 0.355 0.0972 0.1452
0 0.0712 0.5678 0.1064 0.1748
0 0.1662 0.5678 0.1068 0.1748
0 0.2608 0.5678 0.1064 0.1748
0 0.3564 0.5678 0.1056 0.1748
0 0.453 0.5678 0.1132 0.1748
0 0.5874 0.5792 0.1076 0.148
0 0.6938 0.5792 0.1052 0.148
0 0.799 0.5792 0.106 0.148
0 0.905 0.5792 0.1068 0.148
0 0.0764 0.8066 0.0992 0.174
0 0.1848 0.8066 0.1 0.174
0 0.2926 0.8066 0.0996 0.1748
0 0.3998 0.8066 0.1004 0.1748
0 0.5082 0.8068 0.0996 0.1744
0 0.6578 0.8186 0.0812 0.1516
0 0.768 0.8186 0.0832 0.1532
0 0.8796 0.8186 0.0816 0.1532