1 0.12761904761904763 0.039100160685591856 0.22285714285714286 0.0771290840921264
1 0.3780952380952381 0.03936797000535619 0.21714285714285714 0.07873594001071238
1 0.6290476190476191 0.040707016604177824 0.2276190476190476 0.08034279592929834
1 0.8728571428571429 0.04124263524370648 0.22380952380952382 0.08141403320835565
1 0.13285714285714287 0.21906802356722013 0.2180952380952381 0.11676486341724691
1 0.3780952380952381 0.225495447241564 0.22666666666666666 0.10605249062667381
1 0.6309523809523809 0.21612212104981254 0.23333333333333334 0.12587038028923406
1 0.8757142857142857 0.21799678628816282 0.2180952380952381 0.12104981253347616
1 0.13047619047619047 0.4017139796464917 0.22857142857142856 0.1242635243706481
1 0.38142857142857145 0.3998393144081414 0.22380952380952382 0.1280128548473487
1 0.6319047619047619 0.4017139796464917 0.22 0.12212104981253348
1 0.8795238095238095 0.3995715050883771 0.21619047619047618 0.12854847348687734
1 0.12380952380952381 0.5958757364756293 0.22666666666666666 0.1098018211033744
1 0.3742857142857143 0.5950723085163364 0.22476190476190477 0.11140867702196036
1 0.6228571428571429 0.5966791644349223 0.22857142857142856 0.10926620246384575
1 0.8685714285714285 0.5985538296732726 0.22857142857142856 0.10658810926620246
1 0.12857142857142856 0.7675415104445634 0.21904761904761905 0.12854847348687734
1 0.37 0.7707552222817354 0.2180952380952381 0.12212104981253348
1 0.6271428571428571 0.7662024638457419 0.23142857142857143 0.13015532940546332
1 0.8771428571428571 0.7702196036422068 0.20952380952380953 0.12319228709159079
1 0.12857142857142856 0.9464381360471344 0.21904761904761905 0.10712372790573112
1 0.37761904761904763 0.9459025174076058 0.22 0.10819496518478842
1 0.6333333333333333 0.9453668987680771 0.22857142857142856 0.10926620246384575
1 0.8704761904761905 0.9491162292447777 0.22095238095238096 0.10176754151044456