0 0.5525889967637541 0.7232323232323232 0.07281553398058252 0.11313131313131314
0 0.7241100323624595 0.4858585858585859 0.1796116504854369 0.3333333333333333
0 0.3187702265372168 0.6191919191919192 0.10355987055016182 0.12727272727272726
0 0.30906148867313915 0.7202020202020202 0.10032362459546926 0.07474747474747474
0 0.1966019417475728 0.695959595959596 0.12135922330097088 0.1191919191919192
0 0.05906148867313916 0.46464646464646464 0.11488673139158576 0.2383838383838384
0 0.9757281553398058 0.31414141414141417 0.04854368932038835 0.1111111111111111
0 0.9846278317152104 0.12424242424242424 0.030744336569579287 0.1393939393939394
0 0.05177993527508091 0.10303030303030303 0.05501618122977346 0.12525252525252525
0 0.0186084142394822 0.1111111111111111 0.03398058252427184 0.1292929292929293
0 0.9449838187702265 0.9414141414141414 0.0744336569579288 0.06464646464646465
1 0.16990291262135923 0.5969696969696969 0.0970873786407767 0.10303030303030303
1 0.9506472491909385 0.8141414141414142 0.09546925566343042 0.12525252525252525
1 0.46440129449838186 0.6626262626262627 0.061488673139158574 0.22626262626262628