1 0.47766990291262135 0.5592783505154639 0.13980582524271845 0.31958762886597936
2 0.7592233009708738 0.4175257731958763 0.4815533980582524 0.5824742268041238
2 0.18058252427184465 0.6069587628865979 0.3533980582524272 0.47680412371134023
2 0.1883495145631068 0.788659793814433 0.09320388349514563 0.09278350515463918
2 0.2621359223300971 0.770618556701031 0.0854368932038835 0.08762886597938144
2 0.36601941747572814 0.6842783505154639 0.16893203883495145 0.15721649484536082
2 0.5737864077669903 0.6701030927835051 0.10679611650485436 0.16494845360824742
2 0.4563106796116505 0.7744845360824743 0.0970873786407767 0.09020618556701031
2 0.5077669902912622 0.759020618556701 0.06796116504854369 0.07989690721649484
2 0.6349514563106796 0.770618556701031 0.06990291262135923 0.0979381443298969
2 0.7281553398058253 0.7680412371134021 0.10485436893203884 0.10309278350515463