1 0.24496644295302014 0.36716417910447763 0.20469798657718122 0.591044776119403
0 0.875 0.27761194029850744 0.12248322147651007 0.2626865671641791
0 0.6333892617449665 0.7731343283582089 0.09899328859060402 0.16119402985074627
0 0.5016778523489933 0.6208955223880597 0.11409395973154363 0.08955223880597014
0 0.4941275167785235 0.7089552238805971 0.07550335570469799 0.11641791044776119
0 0.44798657718120805 0.6791044776119403 0.06375838926174497 0.09850746268656717
0 0.7055369127516778 0.7208955223880597 0.06879194630872483 0.1761194029850746
0 0.6862416107382551 0.5373134328358209 0.03355704697986577 0.08955223880597014
0 0.7953020134228188 0.5104477611940299 0.06040268456375839 0.10149253731343283
0 0.9001677852348994 0.6119402985074627 0.03859060402684564 0.10149253731343283
0 0.9546979865771812 0.5298507462686567 0.03691275167785235 0.09253731343283582
0 0.7407718120805369 0.4134328358208955 0.031879194630872486 0.06865671641791045