0 0.15996649916247907 0.5104477611940299 0.2730318257956449 0.4
0 0.16834170854271358 0.6388059701492538 0.21943048576214405 0.3402985074626866
0 0.46733668341708545 0.5567164179104478 0.25125628140703515 0.42686567164179107
0 0.585427135678392 0.6447761194029851 0.19597989949748743 0.4537313432835821
0 0.8232830820770519 0.5208955223880597 0.17922948073701842 0.4208955223880597
0 0.8400335008375209 0.6805970149253732 0.22613065326633167 0.2208955223880597
0 0.05611390284757119 0.44477611940298506 0.11222780569514237 0.4059701492537313
0 0.05443886097152429 0.23283582089552238 0.051926298157453935 0.10149253731343283
0 0.021775544388609715 0.2373134328358209 0.03350083752093802 0.08656716417910448
0 0.9036850921273032 0.3253731343283582 0.06532663316582915 0.1373134328358209
0 0.8458961474036851 0.27611940298507465 0.05025125628140704 0.0626865671641791
0 0.9447236180904522 0.282089552238806 0.05025125628140704 0.11044776119402985
0 0.9824120603015075 0.30895522388059704 0.035175879396984924 0.11044776119402985
2 0.8199329983249581 0.3164179104477612 0.031825795644891124 0.05970149253731343
2 0.7227805695142379 0.3686567164179104 0.02847571189279732 0.07462686567164178
0 0.7093802345058626 0.5925373134328358 0.051926298157453935 0.1761194029850746