2 0.4819277108433735 0.587956698240866 0.5445783132530121 0.5290933694181326
1 0.7686746987951807 0.5372124492557511 0.1927710843373494 0.1975642760487145
1 0.15903614457831325 0.5196211096075778 0.3132530120481928 0.15967523680649526
1 0.344578313253012 0.40054127198917455 0.26506024096385544 0.2462787550744249
1 0.4759036144578313 0.2658998646820027 0.2433734939759036 0.19350473612990526
1 0.7349397590361446 0.18876860622462788 0.236144578313253 0.12313937753721245
1 0.5746987951807229 0.17117726657645466 0.15180722891566265 0.13667117726657646
1 0.43614457831325304 0.16914749661705006 0.15903614457831325 0.11096075778078485
1 0.3180722891566265 0.23410013531799728 0.163855421686747 0.16508795669824086
1 0.2216867469879518 0.2198917456021651 0.10120481927710843 0.12584573748308525
1 0.07951807228915662 0.3125845737483085 0.1493975903614458 0.2733423545331529
1 0.15903614457831325 0.2361299052774019 0.12530120481927712 0.11502029769959404
1 0.22289156626506024 0.36332882273342354 0.11325301204819277 0.17185385656292287