0 0.057352941176470586 0.17962962962962964 0.11470588235294117 0.3
1 0.20147058823529412 0.15555555555555556 0.11470588235294117 0.2222222222222222
2 0.3426470588235294 0.16296296296296298 0.10882352941176471 0.16296296296296298
1 0.49411764705882355 0.1574074074074074 0.1 0.16666666666666666
1 0.6308823529411764 0.16666666666666666 0.07941176470588235 0.17777777777777778
0 0.788235294117647 0.1574074074074074 0.11176470588235295 0.24074074074074073
0 0.9338235294117647 0.21851851851851853 0.11470588235294117 0.1259259259259259
0 0.058823529411764705 0.8518518518518519 0.11764705882352941 0.2518518518518518
0 0.07794117647058824 0.7555555555555555 0.06764705882352941 0.14074074074074075
2 0.17647058823529413 0.8351851851851851 0.07058823529411765 0.15185185185185185
2 0.23970588235294119 0.8407407407407408 0.05 0.15555555555555556
0 0.34705882352941175 0.8111111111111111 0.11764705882352941 0.26666666666666666
0 0.49264705882352944 0.8388888888888889 0.12058823529411765 0.27037037037037037
2 0.6102941176470589 0.7907407407407407 0.061764705882352944 0.12962962962962962
0 0.6558823529411765 0.7759259259259259 0.08823529411764706 0.1962962962962963
0 0.7852941176470588 0.8574074074074074 0.11176470588235295 0.24074074074074073
0 0.9 0.7962962962962963 0.058823529411764705 0.2
0 0.9485294117647058 0.8296296296296296 0.09117647058823529 0.2