1 0.5276442307692307 0.4633649932157395 0.37740384615384615 0.24830393487109906
0 0.265625 0.8514246947082768 0.5168269230769231 0.2944369063772049
0 0.6658653846153846 0.816146540027137 0.4326923076923077 0.17774762550881953
0 0.6502403846153846 0.6594301221166893 0.4879807692307692 0.15739484396200815
0 0.12980769230769232 0.7245590230664858 0.2548076923076923 0.1248303934871099
0 0.21634615384615385 0.6037991858887382 0.28365384615384615 0.1519674355495251
0 0.3605769230769231 0.494572591587517 0.17307692307692307 0.19131614654002713
0 0.08653846153846154 0.5407055630936228 0.17307692307692307 0.09362279511533243
0 0.2247596153846154 0.5 0.15144230769230768 0.06919945725915876
0 0.19230769230769232 0.4626865671641791 0.21153846153846154 0.05970149253731343
0 0.24759615384615385 0.4206241519674355 0.16346153846153846 0.054274084124830396
0 0.3233173076923077 0.3819538670284939 0.13221153846153846 0.036635006784260515
0 0.7620192307692307 0.5508819538670285 0.21153846153846154 0.08412483039348712
0 0.7788461538461539 0.49050203527815467 0.21634615384615385 0.04748982360922659
0 0.765625 0.4633649932157395 0.19951923076923078 0.031207598371777476
0 0.7860576923076923 0.4355495251017639 0.15865384615384615 0.054274084124830396
0 0.8088942307692307 0.3948439620081411 0.1658653846153846 0.032564450474898234
0 0.8088942307692307 0.3649932157394844 0.1466346153846154 0.032564450474898234
0 0.5324519230769231 0.3683853459972863 0.18990384615384615 0.04477611940298507
0 0.4098557692307692 0.34260515603799185 0.15144230769230768 0.036635006784260515
0 0.109375 0.36635006784260515 0.19951923076923078 0.029850746268656716
0 0.16706730769230768 0.33649932157394846 0.21875 0.029850746268656716
0 0.2668269230769231 0.3100407055630936 0.12980769230769232 0.028493894165535955
0 0.3798076923076923 0.33175033921302577 0.11538461538461539 0.031207598371777476
0 0.5853365384615384 0.3419267299864315 0.0985576923076923 0.032564450474898234
0 0.6213942307692307 0.30868385345997285 0.09375 0.04206241519674356
0 0.5432692307692307 0.30868385345997285 0.09134615384615384 0.031207598371777476
0 0.4855769230769231 0.30257801899592945 0.10096153846153846 0.024423337856173677
0 0.49759615384615385 0.2808683853459973 0.08653846153846154 0.021709633649932156
0 0.5480769230769231 0.2666214382632293 0.09134615384615384 0.031207598371777476
0 0.33413461538461536 0.2883310719131615 0.10096153846153846 0.028493894165535955
0 0.35096153846153844 0.27204884667571233 0.1201923076923077 0.025780189959294438
0 0.2127403846153846 0.28900949796472186 0.12740384615384615 0.029850746268656716
0 0.24158653846153846 0.26526458616010856 0.11298076923076923 0.031207598371777476
0 0.375 0.2496607869742198 0.09615384615384616 0.024423337856173677
0 0.4206730769230769 0.24491180461329715 0.07211538461538461 0.0203527815468114
0 0.6502403846153846 0.2510176390773406 0.11298076923076923 0.029850746268656716
0 0.6754807692307693 0.22455902306648576 0.09615384615384616 0.017639077340569877
0 0.6009615384615384 0.22795115332428764 0.09615384615384616 0.032564450474898234
0 0.828125 0.32632293080054275 0.13221153846153846 0.023066485753052916
0 0.8329326923076923 0.3120759837177748 0.11778846153846154 0.018995929443690638
0 0.8401442307692307 0.2944369063772049 0.12259615384615384 0.024423337856173677
0 0.8449519230769231 0.276797829036635 0.11298076923076923 0.024423337856173677
0 0.8473557692307693 0.2537313432835821 0.11778846153846154 0.027137042062415198
0 0.8557692307692307 0.23134328358208955 0.10096153846153846 0.028493894165535955