1 0.07181571815718157 0.2246376811594203 0.037940379403794036 0.21739130434782608
1 0.2018970189701897 0.26811594202898553 0.04607046070460705 0.11594202898550725
1 0.21544715447154472 0.25 0.032520325203252036 0.09903381642512077
0 0.10569105691056911 0.30193236714975846 0.04336043360433604 0.0821256038647343
0 0.12601626016260162 0.3333333333333333 0.02710027100271003 0.10144927536231885
2 0.2804878048780488 0.46980676328502413 0.032520325203252036 0.09903381642512077
1 0.17818428184281843 0.7306763285024155 0.1043360433604336 0.2536231884057971
1 0.8597560975609756 0.13647342995169082 0.07994579945799458 0.27294685990338163
0 0.7628726287262872 0.2693236714975845 0.04336043360433604 0.1473429951690821
0 0.8970189701897019 0.2922705314009662 0.11924119241192412 0.25120772946859904
0 0.6558265582655827 0.40700483091787437 0.0948509485094851 0.19082125603864733
1 0.9336043360433605 0.5821256038647343 0.13279132791327913 0.3526570048309179